,Un misil en mi placard,Te hacen falta vitaminas,Mi novia tiene biceps,Trátame suavemente,Disco Eterno,Ni un segundo,Afrodisíacos,Dietético,El tiempo es dinero,Por qué no puedo ser del jet set?,Cuando pase el temblor,Nada personal,Juegos de seducción,Imágenes retro,Danza rota,Estoy azulado,Observándonos,Ecos,Si no fuera por,Sin sobresaltos,En camino,Final caja negra,Prófugos,Persiana americana,Signos,El rito,No existes,Día común,En la ciudad de la furia,Lo que sangra,Corazón delator,Sobredosis de TV,En el borde,Picnic en el 4to B,El ritmo de tus ojos,Terapia de amor intensiva,Los languidecientes
Un misil en mi placard,1.0000000000000002,0.0,0.24459755037168163,0.0,0.26152882291308993,0.19479760374073637,0.0,0.0,0.0,0.1699136352671586,0.0,0.0,0.0,0.0,0.0,0.0,0.0,0.0,0.0,0.0,0.0,0.1853942996433241,0.0,0.0,0.0,0.11942620464622922,0.0,0.10592035692274283,0.0,0.0,0.11675886067076562,0.0,0.0,0.0,0.0,0.0,0.0
Te hacen falta vitaminas,0.0,1.0000000000000002,0.0,0.0,0.0,0.0,0.0,0.2676748219328858,0.0,0.0,0.0,0.0,0.0,0.0,0.0,0.1800684830009025,0.0,0.0,0.0,0.0,0.0,0.0,0.0,0.17197209896313717,0.0,0.2906955277482278,0.0,0.0,0.0,0.0,0.0,0.0,0.0,0.0,0.0,0.0,0.0
Mi novia tiene biceps,0.24459755037168163,0.0,1.0000000000000002,0.21283242203646277,0.0,0.0,0.0,0.0,0.0,0.0,0.0,0.0,0.0,0.3889212489959562,0.0,0.0,0.336171390571592,0.0,0.0,0.0,0.11943819818154576,0.0,0.0,0.0,0.0,0.0,0.0,0.0,0.0,0.0,0.12943153064604315,0.0,0.0,0.0,0.0,0.0,0.0
Trátame suavemente,0.0,0.0,0.21283242203646277,1.0,0.0,0.0,0.0,0.0,0.0,0.2965865435344174,0.3361898305308533,0.0,0.1505930225119019,0.0,0.0,0.0,0.31263601856085177,0.0,0.0,0.0,0.0,0.0,0.0,0.1528750980225077,0.0,0.0,0.0,0.0,0.33475159048881636,0.25153642936541953,0.0,0.0,0.0,0.0,0.2813484534292915,0.0,0.0
Disco Eterno,0.26152882291308993,0.0,0.0,0.0,1.0000000000000002,0.0,0.0,0.0,0.0,0.23861005529684612,0.0,0.0,0.0,0.0,0.2765855336556622,0.0,0.0,0.1839642710851227,0.0,0.0,0.0,0.0,0.0,0.0,0.0,0.0,0.0,0.0,0.0,0.0,0.0,0.0,0.0,0.2299303388759175,0.0,0.0,0.0
Ni un segundo,0.19479760374073637,0.0,0.0,0.0,0.0,1.0,0.0,0.0,0.3197995581253906,0.0,0.0,0.16217950025623282,0.0,0.0,0.0,0.16017322893856775,0.0,0.0,0.0,0.0,0.0,0.0,0.0,0.2118523357554664,0.0,0.0,0.0,0.0,0.0,0.35968825458261683,0.12212776498687243,0.0,0.0,0.0,0.0,0.0,0.20083626305700092
Afrodisíacos,0.0,0.0,0.0,0.0,0.0,0.0,1.0,0.0,0.0,0.0,0.0,0.0,0.17428269982318284,0.0,0.0,0.0,0.0,0.0,0.0,0.0,0.2176534946329881,0.0,0.0,0.0,0.0,0.0,0.0,0.28569140511140334,0.0,0.33558918162738194,0.33242355669945906,0.0,0.0,0.0,0.11516675521881496,0.17976073665933212,0.0
Dietético,0.0,0.2676748219328858,0.0,0.0,0.0,0.0,0.0,1.0,0.0,0.15028750732479704,0.0,0.0,0.2472723336629797,0.0,0.0,0.2120278330541813,0.11240383962640453,0.0,0.0,0.0,0.09529884873067268,0.0,0.1708962004417319,0.0,0.0,0.0,0.0,0.0,0.0,0.0,0.0,0.0,0.20444287977742048,0.0,0.0,0.3477431056387951,0.0
El tiempo es dinero,0.0,0.0,0.0,0.0,0.0,0.3197995581253906,0.0,0.0,1.0,0.10146872971144384,0.16806082248736567,0.0,0.0,0.14566309807900554,0.0,0.22226925013788387,0.0,0.08184113631333635,0.1709273438163269,0.0,0.0,0.0,0.2677771130342183,0.0,0.0,0.07131873354753666,0.0,0.14679630804516458,0.0,0.3276385306644929,0.0,0.14521275170332634,0.0,0.0,0.08410455623244728,0.0,0.2832582736165144
Por qué no puedo ser del jet set?,0.1699136352671586,0.0,0.0,0.2965865435344174,0.23861005529684612,0.0,0.0,0.15028750732479704,0.10146872971144384,1.0000000000000002,0.18488667939580422,0.0,0.22565254948312327,0.0,0.0,0.0,0.07177843205299685,0.2456744176905259,0.0,0.0,0.06085558964069898,0.0,0.1091302695022942,0.0,0.0,0.21408779403594,0.0,0.0,0.0,0.0,0.0,0.4359061936697502,0.13055238507506822,0.0,0.0,0.222060518243444,0.0
Cuando pase el temblor,0.0,0.0,0.0,0.3361898305308533,0.0,0.0,0.0,0.0,0.16806082248736567,0.18488667939580422,1.0,0.0,0.0,0.0,0.0,0.0,0.0,0.14912314339582775,0.0,0.0,0.0,0.0,0.0,0.1390456022584682,0.0,0.129950220741071,0.0,0.0,0.3044690542055757,0.22878176212786502,0.3493347268740836,0.2645928804342513,0.0,0.0,0.0,0.0,0.0
Nada personal,0.0,0.0,0.0,0.0,0.0,0.16217950025623282,0.0,0.0,0.0,0.0,0.0,1.0000000000000002,0.0,0.0,0.0,0.0,0.0,0.0,0.0,0.0,0.0,0.0,0.0,0.0,0.0,0.2811116269040977,0.0,0.0,0.0,0.0,0.0,0.0,0.0,0.0,0.0,0.0,0.15985635965320394
Juegos de seducción,0.0,0.0,0.0,0.1505930225119019,0.0,0.0,0.17428269982318284,0.2472723336629797,0.0,0.22565254948312327,0.0,0.0,1.0,0.0,0.0,0.0,0.0,0.0,0.0,0.0,0.18870899812520675,0.14541649680504026,0.0,0.0,0.0,0.0,0.0,0.0,0.0,0.13657952972947426,0.24379622347608354,0.22597525224953363,0.0,0.0,0.04687106179042515,0.21317559235725073,0.0
Imágenes retro,0.0,0.0,0.3889212489959562,0.0,0.0,0.0,0.0,0.0,0.14566309807900554,0.0,0.0,0.0,0.0,1.0000000000000002,0.0,0.0949010581471233,0.0,0.22685872839296278,0.0,0.0,0.0,0.0,0.0,0.09923119852413993,0.12995815531805488,0.0,0.0,0.18112620529220472,0.0,0.0,0.0,0.0,0.0,0.099428940232968,0.0,0.0,0.0
Danza rota,0.0,0.0,0.0,0.0,0.2765855336556622,0.0,0.0,0.0,0.0,0.0,0.0,0.0,0.0,0.0,1.0000000000000002,0.0,0.0,0.0,0.0,0.0,0.0,0.2364914042461198,0.0,0.0,0.0,0.0,0.0,0.0,0.0,0.0,0.12348088989939954,0.0,0.3493326181417357,0.1528964989951734,0.36846706963576564,0.13448814324630584,0.0
Estoy azulado,0.0,0.1800684830009025,0.0,0.0,0.0,0.16017322893856775,0.0,0.2120278330541813,0.22226925013788387,0.0,0.0,0.0,0.0,0.0949010581471233,0.0,0.9999999999999996,0.0,0.0921726995683897,0.0,0.0,0.14536678318059504,0.0,0.0,0.0,0.07714423687771799,0.2539668346905226,0.14698896313177615,0.0,0.0,0.16409941805061296,0.0,0.0,0.0,0.0,0.07691776676379983,0.12005890405942814,0.0
Observándonos,0.0,0.0,0.336171390571592,0.31263601856085177,0.0,0.0,0.0,0.11240383962640453,0.0,0.07177843205299685,0.0,0.0,0.0,0.0,0.0,0.0,1.0,0.0,0.0,0.0,0.04551543944075227,0.0,0.08162129727131495,0.0,0.0,0.0,0.0,0.0,0.0,0.0,0.0,0.0,0.09764344100210723,0.2906249721878435,0.0,0.16608469542347615,0.0
Ecos,0.0,0.0,0.0,0.0,0.1839642710851227,0.0,0.0,0.0,0.08184113631333635,0.2456744176905259,0.14912314339582775,0.0,0.0,0.22685872839296278,0.0,0.0921726995683897,0.0,1.0000000000000002,0.24442439220520504,0.0,0.0,0.0,0.0,0.0,0.0,0.1726757433994048,0.0,0.0,0.2276831116799683,0.0,0.0,0.3515867234901445,0.0,0.0,0.0,0.0,0.0
Si no fuera por,0.0,0.0,0.0,0.0,0.0,0.0,0.0,0.0,0.1709273438163269,0.0,0.0,0.0,0.0,0.0,0.0,0.0,0.0,0.24442439220520504,1.0000000000000002,0.0,0.0,0.0,0.0,0.0,0.0,0.0,0.0,0.0,0.0,0.0,0.0,0.0,0.0,0.0,0.0,0.0,0.0
Sin sobresaltos,0.0,0.0,0.0,0.0,0.0,0.0,0.0,0.0,0.0,0.0,0.0,0.0,0.0,0.0,0.0,0.0,0.0,0.0,0.0,1.0,0.0,0.0,0.0,0.1954512092919507,0.0,0.231188817556748,0.0,0.0,0.0,0.0,0.0,0.0,0.0,0.0,0.0,0.0,0.21952806651172826
En camino,0.0,0.0,0.11943819818154576,0.0,0.0,0.0,0.2176534946329881,0.09529884873067268,0.0,0.06085558964069898,0.0,0.0,0.18870899812520675,0.0,0.0,0.14536678318059504,0.04551543944075227,0.0,0.0,0.0,1.0,0.0,0.4147908838092876,0.0,0.0,0.0,0.0,0.0,0.0,0.1705677727686654,0.23650855972794815,0.0,0.0827846054416836,0.0,0.05853507207654436,0.2321766935810403,0.0
Final caja negra,0.1853942996433241,0.0,0.0,0.0,0.0,0.0,0.0,0.0,0.0,0.0,0.0,0.0,0.14541649680504026,0.0,0.2364914042461198,0.0,0.0,0.0,0.0,0.0,0.0,1.0,0.0,0.0,0.0,0.0,0.29626498111737154,0.0,0.0,0.0,0.0,0.0,0.0,0.0,0.0,0.2143414353105549,0.0
Prófugos,0.0,0.0,0.0,0.0,0.0,0.0,0.0,0.1708962004417319,0.2677771130342183,0.1091302695022942,0.0,0.0,0.0,0.0,0.0,0.0,0.08162129727131495,0.0,0.0,0.0,0.4147908838092876,0.0,1.0000000000000002,0.0,0.0,0.0,0.0,0.24008698693607905,0.0,0.0,0.0,0.0,0.14845483144329047,0.0,0.0,0.25251133318693975,0.33728031197042263
Persiana americana,0.0,0.17197209896313717,0.0,0.1528750980225077,0.0,0.2118523357554664,0.0,0.0,0.0,0.0,0.1390456022584682,0.0,0.0,0.09923119852413993,0.0,0.0,0.0,0.0,0.0,0.1954512092919507,0.0,0.0,0.0,0.9999999999999998,0.3012522059079601,0.0,0.0,0.21943745751422267,0.0,0.2239645198838396,0.0,0.0,0.0,0.12045984076604027,0.0,0.0,0.0
Signos,0.0,0.0,0.0,0.0,0.0,0.0,0.0,0.0,0.0,0.0,0.0,0.0,0.0,0.12995815531805488,0.0,0.07714423687771799,0.0,0.0,0.0,0.0,0.0,0.0,0.0,0.3012522059079601,1.0000000000000002,0.1245386437325078,0.5430473039101408,0.28738630199346965,0.0,0.0,0.0,0.0,0.0,0.15776025008962175,0.0,0.0,0.0
El rito,0.11942620464622922,0.2906955277482278,0.0,0.0,0.0,0.0,0.0,0.0,0.07131873354753666,0.21408779403594,0.129950220741071,0.2811116269040977,0.0,0.0,0.0,0.2539668346905226,0.0,0.1726757433994048,0.0,0.231188817556748,0.0,0.0,0.0,0.0,0.1245386437325078,1.0000000000000002,0.3503499657792582,0.2041800925807582,0.0,0.0,0.0,0.3063828409645265,0.0,0.0,0.0,0.0,0.0
No existes,0.0,0.0,0.0,0.0,0.0,0.0,0.0,0.0,0.0,0.0,0.0,0.0,0.0,0.0,0.0,0.14698896313177615,0.0,0.0,0.0,0.0,0.0,0.29626498111737154,0.0,0.0,0.5430473039101408,0.3503499657792582,1.0000000000000002,0.0,0.0,0.0,0.0,0.0,0.0,0.0,0.0,0.0,0.0
Día común,0.10592035692274283,0.0,0.0,0.0,0.0,0.0,0.28569140511140334,0.0,0.14679630804516458,0.0,0.0,0.0,0.0,0.18112620529220472,0.0,0.0,0.0,0.0,0.0,0.0,0.0,0.0,0.24008698693607905,0.21943745751422267,0.28738630199346965,0.2041800925807582,0.0,1.0,0.0,0.0,0.0,0.0,0.0,0.21987473871685967,0.054899651648001736,0.0,0.0
En la ciudad de la furia,0.0,0.0,0.0,0.33475159048881636,0.0,0.0,0.0,0.0,0.0,0.0,0.3044690542055757,0.0,0.0,0.0,0.0,0.0,0.0,0.2276831116799683,0.0,0.0,0.0,0.0,0.0,0.0,0.0,0.0,0.0,0.0,1.0,0.0,0.0,0.0,0.0,0.0,0.0,0.0,0.0
Lo que sangra,0.0,0.0,0.0,0.25153642936541953,0.0,0.35968825458261683,0.33558918162738194,0.0,0.3276385306644929,0.0,0.22878176212786502,0.0,0.13657952972947426,0.0,0.0,0.16409941805061296,0.0,0.0,0.0,0.0,0.1705677727686654,0.0,0.0,0.2239645198838396,0.0,0.0,0.0,0.0,0.0,1.0000000000000002,0.2605092363790201,0.0,0.0,0.0,0.09025233878183771,0.1408724841975946,0.0
Corazón delator,0.11675886067076562,0.0,0.12943153064604315,0.0,0.0,0.12212776498687243,0.33242355669945906,0.0,0.0,0.0,0.3493347268740836,0.0,0.24379622347608354,0.0,0.12348088989939954,0.0,0.0,0.0,0.0,0.0,0.23650855972794815,0.0,0.0,0.0,0.0,0.0,0.0,0.0,0.0,0.2605092363790201,1.0000000000000002,0.0,0.0,0.0,0.16110158966338683,0.13954362894227387,0.0
Sobredosis de TV,0.0,0.0,0.0,0.0,0.0,0.0,0.0,0.0,0.14521275170332634,0.4359061936697502,0.2645928804342513,0.0,0.22597525224953363,0.0,0.0,0.0,0.0,0.3515867234901445,0.0,0.0,0.0,0.0,0.0,0.0,0.0,0.3063828409645265,0.0,0.0,0.0,0.0,0.0,1.0,0.0,0.0,0.0,0.0,0.0
En el borde,0.0,0.0,0.0,0.0,0.0,0.0,0.0,0.20444287977742048,0.0,0.13055238507506822,0.0,0.0,0.0,0.0,0.3493326181417357,0.0,0.09764344100210723,0.0,0.0,0.0,0.0827846054416836,0.0,0.14845483144329047,0.0,0.0,0.0,0.0,0.0,0.0,0.0,0.0,0.0,1.0,0.35995105989355064,0.0,0.3020789461657765,0.0
Picnic en el 4to B,0.0,0.0,0.0,0.0,0.2299303388759175,0.0,0.0,0.0,0.0,0.0,0.0,0.0,0.0,0.099428940232968,0.1528964989951734,0.0,0.2906249721878435,0.0,0.0,0.0,0.0,0.0,0.0,0.12045984076604027,0.15776025008962175,0.0,0.0,0.21987473871685967,0.0,0.0,0.0,0.0,0.35995105989355064,1.0000000000000002,0.0,0.0,0.0
El ritmo de tus ojos,0.0,0.0,0.0,0.2813484534292915,0.0,0.0,0.11516675521881496,0.0,0.08410455623244728,0.0,0.0,0.0,0.04687106179042515,0.0,0.36846706963576564,0.07691776676379983,0.0,0.0,0.0,0.0,0.05853507207654436,0.0,0.0,0.0,0.0,0.0,0.0,0.054899651648001736,0.0,0.09025233878183771,0.16110158966338683,0.0,0.0,0.0,1.0000000000000002,0.04834430843680986,0.0
Terapia de amor intensiva,0.0,0.0,0.0,0.0,0.0,0.0,0.17976073665933212,0.3477431056387951,0.0,0.222060518243444,0.0,0.0,0.21317559235725073,0.0,0.13448814324630584,0.12005890405942814,0.16608469542347615,0.0,0.0,0.0,0.2321766935810403,0.2143414353105549,0.25251133318693975,0.0,0.0,0.0,0.0,0.0,0.0,0.1408724841975946,0.13954362894227387,0.0,0.3020789461657765,0.0,0.04834430843680986,1.0000000000000002,0.0
Los languidecientes,0.0,0.0,0.0,0.0,0.0,0.20083626305700092,0.0,0.0,0.2832582736165144,0.0,0.0,0.15985635965320394,0.0,0.0,0.0,0.0,0.0,0.0,0.0,0.21952806651172826,0.0,0.0,0.33728031197042263,0.0,0.0,0.0,0.0,0.0,0.0,0.0,0.0,0.0,0.0,0.0,0.0,0.0,1.0000000000000002
